"9999999999999999999999999999999999999999999999999999999999999999999999999999999999999999999999999999999999999999999999999999999999999999999999999999999999999999\n"+
"9999999999999999999999999999999999999999999999999999999999999999999999999999999999999999999999999999999999999999999999999999999999999999999999999999999999999999\n"+
"9966666666666666666666666666666666666666666666666666666666666666666666666666669999666666666666666666666666666666666666666666666666666666666666666666666666666699\n"+
"996  5     9     47       9     69     4       7      5     9  3     7     2 699996 9     4  6  8  9     5        3  4  7  9  2  5     9     47 6     9     5699\n"+
"996     58    93     7       25             47     9        8              9 699996 8           6           5                       58     3       69     4  699\n"+
"9962  4     8  2        7     4           3                             6    699996    8                                    9    94     8     3  6     9  3  699\n"+
"9969     5                                                   8               699996              6        4                                            9     699\n"+
"996    4        9                          2                 7           6   699996     7        5           4     8                             2        93 699\n"+
"996 9                                      9           9                 5   699996   7                             9                                5       699\n"+
"996 8  9        7                    4        9                     9        699996                        2     6        4                    9        7  8 699\n"+
"996             6           5                     5                       4  6999969           9                    6  9           8               4       7 699\n"+
"996 5                                                   8  9     5           699996            9     4                          4                            699\n"+
"996             36  8           7                     7 7                    699996                3     7     2  5                                         7699\n"+
"996                                8               3        9                699996                      6     9           9                             3  6699\n"+
"996   6                    3    4                        6                   699996                   2                          3                    82     699\n"+
"9962                          3                                              699996                       5                          6        4              699\n"+
"996      5              7  8                                                 699996                             8     3              5        3        8  9  699\n"+
"9968                                                                         699996                                                              3     7     699\n"+
"9967           6        3                                                    699996                                                  9              3      9 699\n"+
"996    9           9                 4                                       699996                                          6              7           6    699\n"+
"996                                      8                                   699996                                 7     2     6                            699\n"+
"996              7                                                           699996                                                   9                     8699\n"+
"996  6  8     3           2  5        3                                      699996                                        9        8              9     5   699\n"+
"996        9              9        8                                         699996                                        9                       7     4  5699\n"+
"996              3                     2                                     699996                                                 5        2           9  4699\n"+
"996  9                                                                       699996                                         9                             3  699\n"+
"9969             8      6   666666                                           699996                                           666666    7     9              699\n"+
"9968                    5  66     6                                          699996                                          6     66   6                 9  699\n"+
"9966   3              4   66       6                                         699996                                         6       66                 58    699\n"+
"99658    9         9      6                                                  699996                                                  6        6         7  8 699\n"+
"99647                     6                                                  699996                                                  6                     7 699\n"+
"9963   7      5           6                                                  699996                                                  6                  3    699\n"+
"996   3   79              6                                                  699996                                                  6          8    93    47699\n"+
"99682                     6                                                  699996                                                  6                9  3  5699\n"+
"996    3   7               6                                                 699996                                                 6              7         699\n"+
"996       3                 6                                                699996                                                6                        2699\n"+
"996                  4  7                                                    699996                                                                          699\n"+
"996  7 7      5                                                              699996           3                                                  3        9  699\n"+
"996  69                  6                                                   699996  9                                                                       699\n"+
"996     6             2                                               99     666666     99 7 9                                                               699\n"+
"9964  6               9                                                9999           39      999    5                                   3                   699\n"+
"9962     6                                                     999           5        9     6   99                                             6             699\n"+
"996 4             36                                             9  97       7 7   8   7          9                                         2      9       4 699\n"+
"996   94                                                   7              9                  6 5                                                6        3   699\n"+
"996                                                   4          9   5           6  7     8      7 9   9                                     2           9  4699\n"+
"996                9                                        7              8     7        9     5      993                                   9               699\n"+
"996 6  9         9                                        9       9              6     6                9                                                   9699\n"+
"996                                                      99    7            8              9  9  8        2                                   9              699\n"+
"996                                                           9 9  9   7 9  97    9    76        5     7  7                                   8  9           699\n"+
"996                                                    9  9         9    3     7        5  9  9        6                                                     699\n"+
"996                                                                 7     7          9            3                                            8           7 699\n"+
"9963        9                                              79      7            6 99     4     8                                                     9     6 699\n"+
"9969                                                           9   7   9   9 87     9 9       55   7 7                                          7          3 699\n"+
"99682        9                                  9          5              7 7 7           9 3  6                                                           25699\n"+
"996 9                                          9             85  9   9      7          9                                                        4  7         699\n"+
"996 8  9                                         9           67              99              3                                                        7     9699\n"+
"996          4                                   9              9   7       9  9  7 4   8      9                  79                                6       9699\n"+
"996        3                                      9             9      9      7        7          9          4                                   2           699\n"+
"996  6  9     4                            9                     7    99 7   9       4 7   7                 9     7                                   5    6699\n"+
"996  5      3                             6 99                           7   7             7              8                                               5  699\n"+
"9964     8                                 99   9   4              6  7  7        8                         9  979                                9          699\n"+
"996                                        9   9   9  9                    9       7  7     6                  9                                           5 699\n"+
"9969  3                                         77                   7         9   7                  9          9 9  9                                    4 699\n"+
"9969      7                             9    9         3 7           9    9       7      9              3  7          9                                  3   699\n"+
"996   9      7                          9     4      9  57                       77   9 9                         9                                         3699\n"+
"996                                      9      9   9 6 5  96              8  9  77       9          7  98              4                             7  9  2699\n"+
"996 7     2                                         9966                 7       7                  7    9 9   5   9                                         699\n"+
"996                                        9         966                     9                      8              9     4                             7     699\n"+
"996  7     9                                     9  7 669    7               9    9                 6   9    7  5       99                          3     7  699\n"+
"996                                   9       9    77       77                       9               7     7   9 9    8                                   6  699\n"+
"996                                        9779   9        9     9                            9 9        9       7   9                                       699\n"+
"9962                                  9   9 9          9                    66666666                 9              7  9                                   6 699\n"+
"9969                                 9                        9  9          69999996              9     9     9        9                                     699\n"+
"996                                     9     9   99    7    9       9      66666666           9     7       9         9  9                                  699\n"+
"996       5                                     77   9  7 9      7                        9   6666        9 7   9  9      9                                  699\n"+
"996       4                                   7 7      9  9     777           3333         666    67   9                                                     699\n"+
"996                                          7    5          9    7    666            666 6 77        7      99      7                                       699\n"+
"99666666666666666666666666666666666666666    7      99  8       9      696     33     696   7      9  99     9 9  9    66666666666666666666666666666666666666699\n"+
"99999999999999999999999999999999999999996      9   9 9        2  9  9  696            696                              69999999999999999999999999999999999999999\n"+
"99999999999999999999999999999999999999996    7     779   8             696   3 33 3   696  6  7            9           69999999999999999999999999999999999999999\n"+
"99999999999999999999999999999999999999996  9 7  9       9      9 7  1  696   3 33 3   696        9       9   9  6  9   69999999999999999999999999999999999999999\n"+
"99999999999999999999999999999999999999996          7  3      9    7  4 696            696     77     9 3               69999999999999999999999999999999999999999\n"+
"99666666666666666666666666666666666666666             69       1  7    696     33     696     7   9         9    9     66666666666666666666666666666666666666699\n"+
"9968                                      77    9    966  9 9   1      666            666     9         3                                                  3 699\n"+
"996      2                           9 9  9          9 67          9 7        3333        9 7774          6   6     7                                        699\n"+
"996                                                  766        7                           7        9   66    9   9    4                             7     2699\n"+
"996       9                          9   9999     9 666   99    7           66666666            3       7 6  9 9          9                                 9699\n"+
"996                                       9    99 9 6      9 9 777          69999996           999 7          9                                              699\n"+
"996                                    9         9  6  9       777          66666666          99            9       9 9                                      699\n"+
"996     7  9                          99    9    9      9  9                                          7 9       9   9 9                                   6  699\n"+
"996                                    9  99   9       766                   7                  77  7      9    7   9                                        699\n"+
"996  9      9                                       97766  9                   7 667                     7  9  77    9                                     5 699\n"+
"9969                                         9      9  66                         7669               9        9  9       9                                   699\n"+
"996      4                             79   7    9    669                   7        66                7       97 9      9                              9  9 699\n"+
"9966  9                                     7    9    66 9   9         7   97  97 9     96             9   7      9     9                                    699\n"+
"9965                                    7        9 9  68 9            9     7   77   77                        9                                         9   699\n"+
"996   6      4                                9  9  7                       7 9 8      7                  7                                                 9699\n"+
"99625        3                           6          99  87             99             2                   7   7     9   9                                5  8699\n"+
"996                                            9                    6 6      3    9    999  5              7   4                                             699\n"+
"996 94        2                            99        4            697   7     9            9                    9                                     9     5699\n"+
"996  3                                                           6677         9  77          5              6     9                                       4  699\n"+
"996  9  4     8                              9   9   9                           6  6  9                          9   5                          5     9  3  699\n"+
"996           7                                      9                  7    9   6           9               6                                               699\n"+
"9968       36                                                        7     9    669         7 9                9                                  5          699\n"+
"9967     2     6                               9             7       9        7 6    79  9   66                                                   4     8  9 699\n"+
"9965        25 5                                                 9 77        77                   9                                                        8 699\n"+
"99647                                            9       999           9   7              9       99  9         99                                         7 699\n"+
"996             4                                            99   9     7 69    99  9      9   9                                                8           7699\n"+
"99693     7                                               9               669     7        9                                                    7           6699\n"+
"996 2            4                                              99         66        9  9    9  9     9                                                      699\n"+
"996 9            3                                        9   7     9  7                   9       77 99                                                    3699\n"+
"996 7         8                                        9 4                                     9   7      9                                   3              699\n"+
"996              82                                            7        9     9   99         9                                                               699\n"+
"996                                                   9 99           99  99         3    9      99 99  9                                       3        9    699\n"+
"9966              8  9                                          9       7      99      999    9                                             8  9             699\n"+
"9965    6         7                                    8        99    99      7      8   77         4                                       7                699\n"+
"996   58    9  3      9                                      299            4     9   9    5   9                                                9       5    699\n"+
"996 5       8      6                                           9              9       3              4                                       6     9       5 699\n"+
"996             3  5                                             99   9      3              5                                            9  2         9     7699\n"+
"996                   6                                                 9             9  9                                                  9          3 3  4699\n"+
"996       4                                                           9 999  666666            4                                         6     9             699\n"+
"996                                                                          699996       9                                            6                  3  699\n"+
"996  9        6                                                              699996                                                                          699\n"+
"996                                                                          699996                                                       5                2 699\n"+
"9967                        6                                                699996                                                6                3        699\n"+
"996         2              6                                                 699996                                                 6               2   6    699\n"+
"9963  6  7                6                                                  699996                                                  6                     7 699\n"+
"9962     69    9          6                                                  699996                                                  6              79       699\n"+
"996    5                  6                                                  699996                                                  6           4      9  4 699\n"+
"996 9                     6                                                  699996                                                  6                       699\n"+
"996    2         3     7  6                                                  699996                                                  6      8               4699\n"+
"996  9 94          9   6  66       6                                         699996                                         6       66   4                   699\n"+
"996  9                 3   66     6                                          699996                                          6     66  4                    9699\n"+
"996              7     25   666666                                           699996                                           666666   3                    8699\n"+
"996                                 3                                        699996                                         4                             8  699\n"+
"9965             47        4                                                 699996                                                          36              699\n"+
"9964                                   2                                     699996                                      8  9        7              9        699\n"+
"996   4     8              9               5                                 699996                                   5           4           3  5           699\n"+
"996                      9        7     9                                    699996                                      5           47    8  9              699\n"+
"996                            3        9                                    699996                                    4     8                               699\n"+
"996    3           9               6                                         699996                                 9     4  7              9           8    699\n"+
"996 8      6              7              9                                   699996                                                    5                    2699\n"+
"996     2     6     9                       9                                699996                            5                                            9699\n"+
"996  7  9        6        4                 8     3                          699996                         9     5                 9  2              4      699\n"+
"9967             5        3                           7                      699996                         9     4              6        2   8             6699\n"+
"996     69                    6                                              699996                    6                    2    3  6                        699\n"+
"9963  6                             9           8  9            4            699996                 2        9              9                                699\n"+
"9962                                            7      5     9        7      699996        3     7        5                    9           9  3              699\n"+
"996                            5                                            9699996        2  4  6     9                                                   4 699\n"+
"996 9       5               9           9  2                             6   699996  58                             2              4           3             699\n"+
"996 9  9        8                    5        3                     2        699996      8 8               3     7        5                    9        8  9 699\n"+
"996 7                                      8               4        9        6999963  4                 9        6  8                                      9 699\n"+
"996 69                                            5              7           699996   3      9    2                 7                          7         8   699\n"+
"996     9                                            5        3              699996               9                          9                        4  5 58699\n"+
"996  5  8  9  3  6     9     5     9     4                              9    699996    3                             6           5     9 9      7  9  9  47  699\n"+
"996  4     82    3  6     94    5                              2             699996 8              9        7     2              4  5     9  3  69 7  94    5699\n"+
"9964    58     3  5    69     4  7  8  2     6        4     8  9     5     9 699996 7  8  2     69 9  9  4      9    36 5     93    47    8  25    69     4  699\n"+
"9966666666666666666666666666666666666666666666666666666666666666666666666666669999666666666666666666666666666666666666666666666666666666666666666666666666666699\n"+
"9999999999999999999999999999999999999999999999999999999999999999999999999999999999999999999999999999999999999999999999999999999999999999999999999999999999999999\n"+
"9999999999999999999999999999999999999999999999999999999999999999999999999999999999999999999999999999999999999999999999999999999999999999999999999999999999999999";